{
 "cells": [
  {
   "cell_type": "code",
   "id": "initial_id",
   "metadata": {
    "collapsed": true,
    "ExecuteTime": {
     "end_time": "2025-11-22T20:49:24.753416Z",
     "start_time": "2025-11-22T20:49:24.667676Z"
    }
   },
   "source": [
    "import numpy as np\n",
    "from nnfs.datasets import spiral_data\n",
    "from moonet import MooNet as mn, Relu, SoftMax"
   ],
   "outputs": [],
   "execution_count": 1
  },
  {
   "metadata": {
    "ExecuteTime": {
     "end_time": "2025-11-22T20:49:25.214599Z",
     "start_time": "2025-11-22T20:49:25.196474Z"
    }
   },
   "cell_type": "code",
   "source": [
    "# X is the input data, y is the labeled output data\n",
    "X,y = spiral_data(samples=100, classes=3)\n",
    "\n",
    "# defining layer 1, with 2 input features and 3 neurons\n",
    "dense1 = mn(2,3)\n",
    "# defining layer 2, with 3 input(output of layer 1) and 3 neurons\n",
    "dense2 = mn(3,3)\n",
    "# activation functions\n",
    "activation1 = Relu()\n",
    "activation2 = SoftMax()\n",
    "\n",
    "# passing data through layer 1\n",
    "dense1.forward_pass(X)\n",
    "# applying relu activation on layer 1\n",
    "activation1.forward_pass(dense1.output)\n",
    "# passing the output of layer 1 to layer 2\n",
    "dense2.forward_pass(activation1.output)\n",
    "# this being the final layer, we apply softmax activation\n",
    "activation2.forward_pass(activation1.output)\n",
    "\n",
    "\n",
    "print(activation2.output)"
   ],
   "id": "72aff468659db94f",
   "outputs": [
    {
     "name": "stdout",
     "output_type": "stream",
     "text": [
      "[[0.33333333 0.33333333 0.33333333]\n",
      " [0.33331709 0.33331684 0.33336607]\n",
      " [0.33326914 0.33329324 0.33343762]\n",
      " [0.33323732 0.33327848 0.3334842 ]\n",
      " [0.33325331 0.3332648  0.33348189]\n",
      " [0.33321172 0.33324472 0.33354356]\n",
      " [0.33314362 0.33320719 0.33364918]\n",
      " [0.33318659 0.33318659 0.33362682]\n",
      " [0.33308432 0.33318721 0.33372847]\n",
      " [0.33304739 0.33314655 0.33380606]\n",
      " [0.33310279 0.33310279 0.33379442]\n",
      " [0.33308182 0.33308182 0.33383637]\n",
      " [0.33306309 0.33306309 0.33387382]\n",
      " [0.33298378 0.33300967 0.33400656]\n",
      " [0.33303582 0.33303582 0.33392835]\n",
      " [0.33323426 0.33323426 0.33353147]\n",
      " [0.33295431 0.33295431 0.33409138]\n",
      " [0.33316155 0.33316155 0.33367689]\n",
      " [0.33328382 0.33328382 0.33343236]\n",
      " [0.33306178 0.33306178 0.33387643]\n",
      " [0.33297664 0.33297664 0.33404673]\n",
      " [0.33316796 0.33316796 0.33366408]\n",
      " [0.33333333 0.33333333 0.33333333]\n",
      " [0.33333333 0.33333333 0.33333333]\n",
      " [0.33333333 0.33333333 0.33333333]\n",
      " [0.33333333 0.33333333 0.33333333]\n",
      " [0.33333333 0.33333333 0.33333333]\n",
      " [0.33333333 0.33333333 0.33333333]\n",
      " [0.33333333 0.33333333 0.33333333]\n",
      " [0.33333333 0.33333333 0.33333333]\n",
      " [0.33333333 0.33333333 0.33333333]\n",
      " [0.33333333 0.33333333 0.33333333]\n",
      " [0.33333333 0.33333333 0.33333333]\n",
      " [0.33333333 0.33333333 0.33333333]\n",
      " [0.33333333 0.33333333 0.33333333]\n",
      " [0.33333333 0.33333333 0.33333333]\n",
      " [0.33384242 0.33307879 0.33307879]\n",
      " [0.3333981  0.33330095 0.33330095]\n",
      " [0.33420425 0.33297882 0.33281693]\n",
      " [0.33370188 0.33314906 0.33314906]\n",
      " [0.33438463 0.33300317 0.33261221]\n",
      " [0.33451658 0.33318474 0.33229868]\n",
      " [0.33422103 0.33292773 0.33285124]\n",
      " [0.33416702 0.33291649 0.33291649]\n",
      " [0.3335882  0.3332059  0.3332059 ]\n",
      " [0.33463958 0.33314929 0.33221112]\n",
      " [0.33464452 0.33319746 0.33215801]\n",
      " [0.33394086 0.33293775 0.33312138]\n",
      " [0.3347012  0.33301325 0.33228555]\n",
      " [0.33460396 0.3331851  0.33221094]\n",
      " [0.33399926 0.3329197  0.33308104]\n",
      " [0.33479309 0.33317266 0.33203425]\n",
      " [0.33356535 0.33274628 0.33368837]\n",
      " [0.33483534 0.33318988 0.33197477]\n",
      " [0.334705   0.33315637 0.33213862]\n",
      " [0.33492394 0.33312632 0.33194975]\n",
      " [0.33204839 0.33234831 0.33560331]\n",
      " [0.33399186 0.33282526 0.33318288]\n",
      " [0.33200242 0.33231304 0.33568455]\n",
      " [0.33151956 0.33201336 0.33646708]\n",
      " [0.33398049 0.33278221 0.3332373 ]\n",
      " [0.33142111 0.33201641 0.33656248]\n",
      " [0.33155888 0.33220536 0.33623576]\n",
      " [0.33175478 0.33175478 0.33649045]\n",
      " [0.33137178 0.33189413 0.33673409]\n",
      " [0.33148575 0.3317569  0.33675735]\n",
      " [0.33139294 0.33177434 0.33683272]\n",
      " [0.33156353 0.33212698 0.33630949]\n",
      " [0.33139666 0.33209646 0.33650688]\n",
      " [0.33176016 0.33176016 0.33647969]\n",
      " [0.33136487 0.33162348 0.33701165]\n",
      " [0.33105119 0.33190473 0.33704408]\n",
      " [0.33225637 0.33225637 0.33548725]\n",
      " [0.33318872 0.33318872 0.33362255]\n",
      " [0.33187364 0.33187364 0.33625272]\n",
      " [0.33136838 0.33144143 0.3371902 ]\n",
      " [0.33148681 0.33148681 0.33702638]\n",
      " [0.33333333 0.33333333 0.33333333]\n",
      " [0.3323704  0.3323704  0.3352592 ]\n",
      " [0.33141095 0.33141095 0.3371781 ]\n",
      " [0.33333333 0.33333333 0.33333333]\n",
      " [0.33333333 0.33333333 0.33333333]\n",
      " [0.33311206 0.33311206 0.33377588]\n",
      " [0.33333333 0.33333333 0.33333333]\n",
      " [0.33333333 0.33333333 0.33333333]\n",
      " [0.33333333 0.33333333 0.33333333]\n",
      " [0.33333333 0.33333333 0.33333333]\n",
      " [0.33318813 0.33318813 0.33362374]\n",
      " [0.33333333 0.33333333 0.33333333]\n",
      " [0.33315465 0.33315465 0.33369071]\n",
      " [0.33333333 0.33333333 0.33333333]\n",
      " [0.33373812 0.33313094 0.33313094]\n",
      " [0.33377134 0.33311433 0.33311433]\n",
      " [0.33391494 0.33304253 0.33304253]\n",
      " [0.33333333 0.33333333 0.33333333]\n",
      " [0.33525921 0.33240353 0.33233727]\n",
      " [0.33490716 0.33254642 0.33254642]\n",
      " [0.33564521 0.33244731 0.33190748]\n",
      " [0.33407188 0.33296406 0.33296406]\n",
      " [0.33512078 0.33243961 0.33243961]\n",
      " [0.33333333 0.33333333 0.33333333]\n",
      " [0.33334877 0.33332562 0.33332562]\n",
      " [0.33333333 0.33333333 0.33333333]\n",
      " [0.33335129 0.33332435 0.33332435]\n",
      " [0.33341392 0.33329419 0.33329189]\n",
      " [0.33335367 0.33332317 0.33332317]\n",
      " [0.33346279 0.33327587 0.33326135]\n",
      " [0.3335076  0.33327187 0.33322052]\n",
      " [0.33349934 0.33329078 0.33320988]\n",
      " [0.33359152 0.33327618 0.3331323 ]\n",
      " [0.33360295 0.33325452 0.33314253]\n",
      " [0.33363204 0.3332479  0.33312006]\n",
      " [0.33359111 0.33327324 0.33313565]\n",
      " [0.33323446 0.33314289 0.33362265]\n",
      " [0.33356341 0.33323416 0.33320243]\n",
      " [0.33367196 0.33326535 0.33306269]\n",
      " [0.33351062 0.33318804 0.33330135]\n",
      " [0.33366923 0.33323574 0.33309503]\n",
      " [0.33275583 0.33297118 0.33427299]\n",
      " [0.33271785 0.33298535 0.3342968 ]\n",
      " [0.33353532 0.33314481 0.33331987]\n",
      " [0.33371744 0.33320008 0.33308248]\n",
      " [0.33337963 0.33306897 0.3335514 ]\n",
      " [0.33353155 0.33310481 0.33336364]\n",
      " [0.33345394 0.33306658 0.33347948]\n",
      " [0.33293633 0.3329225  0.33414116]\n",
      " [0.33291273 0.33290462 0.33418265]\n",
      " [0.33249914 0.33273611 0.33476475]\n",
      " [0.33334017 0.33298155 0.33367828]\n",
      " [0.33239406 0.3327733  0.33483264]\n",
      " [0.33266971 0.33266971 0.33466057]\n",
      " [0.33239011 0.33263102 0.33497887]\n",
      " [0.33260191 0.33277138 0.3346267 ]\n",
      " [0.33251679 0.33251679 0.33496642]\n",
      " [0.33230744 0.33255436 0.33513821]\n",
      " [0.33267753 0.33274029 0.33458218]\n",
      " [0.33268568 0.33268568 0.33462864]\n",
      " [0.33332081 0.33332081 0.33335838]\n",
      " [0.33219807 0.3324522  0.33534974]\n",
      " [0.33333333 0.33333333 0.33333333]\n",
      " [0.33284853 0.33284853 0.33430295]\n",
      " [0.33273062 0.33273062 0.33453877]\n",
      " [0.33217167 0.33229966 0.33552867]\n",
      " [0.33333333 0.33333333 0.33333333]\n",
      " [0.33252264 0.33252264 0.33495473]\n",
      " [0.33333333 0.33333333 0.33333333]\n",
      " [0.33333333 0.33333333 0.33333333]\n",
      " [0.33333333 0.33333333 0.33333333]\n",
      " [0.33333333 0.33333333 0.33333333]\n",
      " [0.33333333 0.33333333 0.33333333]\n",
      " [0.33333333 0.33333333 0.33333333]\n",
      " [0.33333333 0.33333333 0.33333333]\n",
      " [0.33333333 0.33333333 0.33333333]\n",
      " [0.33333333 0.33333333 0.33333333]\n",
      " [0.33333333 0.33333333 0.33333333]\n",
      " [0.33333333 0.33333333 0.33333333]\n",
      " [0.33333333 0.33333333 0.33333333]\n",
      " [0.33337211 0.33331394 0.33331394]\n",
      " [0.33333333 0.33333333 0.33333333]\n",
      " [0.33333333 0.33333333 0.33333333]\n",
      " [0.33358539 0.3332073  0.3332073 ]\n",
      " [0.33461745 0.33274319 0.33263936]\n",
      " [0.33333333 0.33333333 0.33333333]\n",
      " [0.3348372  0.33275938 0.33240343]\n",
      " [0.33404847 0.33297577 0.33297577]\n",
      " [0.33416798 0.33291601 0.33291601]\n",
      " [0.33506065 0.33278409 0.33215526]\n",
      " [0.33524621 0.33288942 0.33186437]\n",
      " [0.33529982 0.33307808 0.3316221 ]\n",
      " [0.3345717  0.332885   0.3325433 ]\n",
      " [0.33497765 0.33268867 0.33233369]\n",
      " [0.33474169 0.33292659 0.33233173]\n",
      " [0.33421398 0.33270905 0.33307697]\n",
      " [0.33494623 0.33263942 0.33241435]\n",
      " [0.33271249 0.33223532 0.33505219]\n",
      " [0.33314302 0.33233285 0.33452413]\n",
      " [0.33542888 0.33275981 0.3318113 ]\n",
      " [0.33384814 0.33251906 0.3336328 ]\n",
      " [0.3355846  0.33285294 0.33156246]\n",
      " [0.33523847 0.33302657 0.33173496]\n",
      " [0.33345972 0.33236008 0.33418021]\n",
      " [0.33148228 0.33190815 0.33660957]\n",
      " [0.33562842 0.3331487  0.33122288]\n",
      " [0.33544641 0.33306178 0.33149181]\n",
      " [0.33385363 0.33243166 0.33371471]\n",
      " [0.3352567  0.33294684 0.33179647]\n",
      " [0.33404134 0.33246798 0.33349068]\n",
      " [0.33084162 0.33123106 0.33792733]\n",
      " [0.33083171 0.33119587 0.33797242]\n",
      " [0.33062888 0.33170116 0.33766996]\n",
      " [0.33170313 0.33181583 0.33648104]\n",
      " [0.33081337 0.33108824 0.3380984 ]\n",
      " [0.33083607 0.33104159 0.33812234]\n",
      " [0.33093153 0.33097483 0.33809365]\n",
      " [0.33031946 0.33141828 0.33826226]\n",
      " [0.33113435 0.3316571  0.33720855]\n",
      " [0.33129282 0.33129282 0.33741437]\n",
      " [0.33317776 0.33317776 0.33364447]\n",
      " [0.3307838  0.33157    0.3376462 ]\n",
      " [0.33151671 0.33151671 0.33696658]\n",
      " [0.33333333 0.33333333 0.33333333]\n",
      " [0.33331787 0.33331787 0.33336426]\n",
      " [0.33328618 0.33328618 0.33342763]\n",
      " [0.33324788 0.33326099 0.33349112]\n",
      " [0.33333333 0.33333333 0.33333333]\n",
      " [0.3332849  0.3332849  0.33343019]\n",
      " [0.3333259  0.3333259  0.3333482 ]\n",
      " [0.33333333 0.33333333 0.33333333]\n",
      " [0.33319587 0.33319587 0.33360825]\n",
      " [0.33328452 0.33328452 0.33343097]\n",
      " [0.33333333 0.33333333 0.33333333]\n",
      " [0.33330456 0.33330456 0.33339089]\n",
      " [0.33333333 0.33333333 0.33333333]\n",
      " [0.33333333 0.33333333 0.33333333]\n",
      " [0.33333333 0.33333333 0.33333333]\n",
      " [0.33333333 0.33333333 0.33333333]\n",
      " [0.33333333 0.33333333 0.33333333]\n",
      " [0.33333333 0.33333333 0.33333333]\n",
      " [0.33333333 0.33333333 0.33333333]\n",
      " [0.33333333 0.33333333 0.33333333]\n",
      " [0.33333333 0.33333333 0.33333333]\n",
      " [0.33333333 0.33333333 0.33333333]\n",
      " [0.33333333 0.33333333 0.33333333]\n",
      " [0.33333333 0.33333333 0.33333333]\n",
      " [0.33335109 0.33332445 0.33332445]\n",
      " [0.33341619 0.33329191 0.33329191]\n",
      " [0.33376918 0.33311541 0.33311541]\n",
      " [0.33338489 0.33330755 0.33330755]\n",
      " [0.33401334 0.33308189 0.33290477]\n",
      " [0.33414164 0.33327233 0.33258603]\n",
      " [0.33401164 0.33305157 0.33293679]\n",
      " [0.33420918 0.3331187  0.33267212]\n",
      " [0.334121   0.33304907 0.33282994]\n",
      " [0.33426149 0.33310062 0.33263789]\n",
      " [0.33420328 0.33304276 0.33275396]\n",
      " [0.33433655 0.33310843 0.33255502]\n",
      " [0.33375377 0.33312312 0.33312312]\n",
      " [0.3344105  0.33316711 0.33242239]\n",
      " [0.33442743 0.33309688 0.33247569]\n",
      " [0.33446733 0.33311872 0.33241395]\n",
      " [0.33369615 0.3329421  0.33336176]\n",
      " [0.33444663 0.33323352 0.33231985]\n",
      " [0.33425915 0.33313261 0.33260823]\n",
      " [0.33316534 0.33274376 0.33409091]\n",
      " [0.33438825 0.33316068 0.33245107]\n",
      " [0.33418481 0.33305901 0.33275618]\n",
      " [0.33354455 0.33281586 0.33363959]\n",
      " [0.33345341 0.33277508 0.33377151]\n",
      " [0.33193441 0.33219231 0.33587327]\n",
      " [0.33315564 0.33266516 0.3341792 ]\n",
      " [0.33173796 0.3324159  0.33584615]\n",
      " [0.33177339 0.33218441 0.33604219]\n",
      " [0.33163834 0.33236667 0.33599499]\n",
      " [0.33216363 0.33216363 0.33567274]\n",
      " [0.33185402 0.33199688 0.3361491 ]\n",
      " [0.33238779 0.33241571 0.3351965 ]\n",
      " [0.33221635 0.33221635 0.3355673 ]\n",
      " [0.33155831 0.33228839 0.3361533 ]\n",
      " [0.33148658 0.33213004 0.33638338]\n",
      " [0.33185937 0.33185937 0.33628126]\n",
      " [0.33190517 0.33190517 0.33618966]\n",
      " [0.33196713 0.33196713 0.33606574]\n",
      " [0.33264491 0.33264491 0.33471019]\n",
      " [0.33248867 0.33248867 0.33502265]\n",
      " [0.33165902 0.33171906 0.33662193]\n",
      " [0.33186858 0.33186858 0.33626285]\n",
      " [0.33308681 0.33308681 0.33382638]\n",
      " [0.33168937 0.33168937 0.33662127]\n",
      " [0.33203596 0.33203596 0.33592807]\n",
      " [0.33265769 0.33265769 0.33468463]\n",
      " [0.33237055 0.33237055 0.3352589 ]\n",
      " [0.33319539 0.33319539 0.33360923]\n",
      " [0.33333333 0.33333333 0.33333333]\n",
      " [0.33333333 0.33333333 0.33333333]\n",
      " [0.33153645 0.33153645 0.3369271 ]\n",
      " [0.33333333 0.33333333 0.33333333]\n",
      " [0.33333333 0.33333333 0.33333333]\n",
      " [0.33333333 0.33333333 0.33333333]\n",
      " [0.33333333 0.33333333 0.33333333]\n",
      " [0.33333333 0.33333333 0.33333333]\n",
      " [0.33428764 0.33285618 0.33285618]\n",
      " [0.33516057 0.33257037 0.33226906]\n",
      " [0.33333333 0.33333333 0.33333333]\n",
      " [0.33391431 0.33304285 0.33304285]\n",
      " [0.33408559 0.33295721 0.33295721]\n",
      " [0.33333333 0.33333333 0.33333333]\n",
      " [0.33425635 0.33287182 0.33287182]\n",
      " [0.33333333 0.33333333 0.33333333]\n",
      " [0.33475038 0.33262481 0.33262481]\n",
      " [0.33592782 0.33286403 0.33120815]\n",
      " [0.33466638 0.33266681 0.33266681]\n",
      " [0.33333333 0.33333333 0.33333333]\n",
      " [0.33582964 0.3326116  0.33155876]\n",
      " [0.33556175 0.33248712 0.33195113]\n",
      " [0.33582702 0.33256504 0.33160794]\n",
      " [0.33481335 0.33259333 0.33259333]\n",
      " [0.33579608 0.33251193 0.33169199]\n",
      " [0.33610518 0.33269002 0.33120479]\n",
      " [0.33619158 0.33282436 0.33098406]\n",
      " [0.33613258 0.3326425  0.33122492]]\n"
     ]
    }
   ],
   "execution_count": 2
  },
  {
   "metadata": {
    "ExecuteTime": {
     "end_time": "2025-11-22T21:38:36.871383Z",
     "start_time": "2025-11-22T21:38:36.865110Z"
    }
   },
   "cell_type": "code",
   "source": "y_pred[0,0]",
   "id": "61617ff4f5945955",
   "outputs": [
    {
     "data": {
      "text/plain": [
       "np.float64(0.3333333333333333)"
      ]
     },
     "execution_count": 15,
     "metadata": {},
     "output_type": "execute_result"
    }
   ],
   "execution_count": 15
  },
  {
   "metadata": {
    "ExecuteTime": {
     "end_time": "2025-11-22T22:08:25.173896Z",
     "start_time": "2025-11-22T22:08:25.167434Z"
    }
   },
   "cell_type": "code",
   "source": [
    "y_pred = activation2.output\n",
    "\n",
    "# feature engineering for one hot encoding of labels\n",
    "y_new = []\n",
    "for i in y:\n",
    "    if i == 0:\n",
    "        y_new.append([1,0,0])\n",
    "    elif i == 1:\n",
    "        y_new.append([0,1,0])\n",
    "    else:\n",
    "        y_new.append([0,0,1])\n",
    "\n",
    "L0 = -1*np.sum(y_new*np.log(y_pred))\n",
    "# making the calculations faster\n",
    "L1 = 0\n",
    "for i in y:\n",
    "    if i == 0:\n",
    "        L1 += -1*np.sum(np.log(y_pred[i,0]))\n",
    "    elif i == 1:\n",
    "        L1 += -1*np.sum(np.log(y_pred[i,1]))\n",
    "    else:\n",
    "        L1 += -1*np.sum(np.log(y_pred[i,2]))\n",
    "\n",
    "L2 = []\n",
    "for i in range(len(y_pred)):\n",
    "    if y[i] == 0:\n",
    "        L2.append(y_pred[i,0])\n",
    "    elif i == 1:\n",
    "        L2.append(y_pred[i,1])\n",
    "    else:\n",
    "        L2.append(y_pred[i,2])\n",
    "\n",
    "\n",
    "L3 = -1*np.sum(np.log(y_pred[[i for i in range(300)], y]))\n",
    "print(L0,L1,-1*np.sum(np.log(L2)),np.mean(L3))"
   ],
   "id": "a634a78321f491ec",
   "outputs": [
    {
     "name": "stdout",
     "output_type": "stream",
     "text": [
      "329.6851981790004 329.5573538576767 329.3400706076312 329.68519817900034\n"
     ]
    }
   ],
   "execution_count": 24
  }
 ],
 "metadata": {
  "kernelspec": {
   "display_name": "Python 3",
   "language": "python",
   "name": "python3"
  },
  "language_info": {
   "codemirror_mode": {
    "name": "ipython",
    "version": 2
   },
   "file_extension": ".py",
   "mimetype": "text/x-python",
   "name": "python",
   "nbconvert_exporter": "python",
   "pygments_lexer": "ipython2",
   "version": "2.7.6"
  }
 },
 "nbformat": 4,
 "nbformat_minor": 5
}
